1 100000.0
101 0 0.001 100 1000000.0
1 0 1 0 0 1 0 0 1 2
2e-05 0.002 0.05 1e-06
1.19725389984e-10 1.1681027245 -3.03344247008 0 0.51760146415 0.199315360829 0
2.81168138701e-15 -3.22503520816 1.81090203114 0 -0.25458052987 -0.453382434846 0
1.1006178153e-24 3.78027033314 0.866842772641 0 -0.113491718432 0.494933325613 0
1.94283526121e-13 0.346750105806 3.67587808552 0 -0.518124205033 0.0488752942116 0
1.81241197892e-10 -2.39506027225 -2.75444579564 0 0.39498057104 -0.343445594576 0
1.90004819795e-07 -1.46192744635 3.08355947532 0 -0.489138427453 -0.231902415985 0
2.29221341662e-23 -1.50053776728 -3.36703239103 0 0.475738346525 -0.212015589219 0
2.47630228739e-15 -2.76929501814 -2.27557440262 0 0.335338810982 -0.408095686773 0
3.01092947967e-24 2.62611917415 -1.58053896311 0 0.294541369258 0.489390489852 0
1.06528332811e-23 -3.40911307695 1.91861883243 0 -0.247972244185 -0.440611447195 0
5.80332774051e-12 -0.922925634634 3.66562545825 0 -0.498776277631 -0.125581136921 0
7.2072310672e-07 -3.31772893575 -1.86395036605 0 0.251085292263 -0.446917983792 0
6.64977623996e-25 -3.12634662514 -1.66386987927 0 0.249649739193 -0.469082125542 0
8.98139706446e-24 -1.0588329947 2.94422927486 0 -0.531982655159 -0.191316889856 0
3.67283776594e-17 2.3196145867 2.52010829131 0 -0.397559782566 0.365930890314 0
1.69784155349e-14 -3.54602040315 -0.509550344684 0 0.07514810859 -0.522964470731 0
2.98563085651e-19 -3.61247681988 -0.769259047155 0 0.108372748907 -0.508923547641 0
1.38736836023e-15 -2.84706862755 1.06661349995 0 -0.201201403589 -0.537058835283 0
3.33382766308e-11 -2.46594916772 -3.05623868477 0 0.392728393251 -0.316875857669 0
2.85023821144e-23 2.59780884507 1.91278496534 0 -0.330111615999 0.448334178406 0
7.23358757163e-26 -0.644399908183 3.52318188398 0 -0.519773675978 -0.0950680720172 0
2.84429535129e-09 -2.75465923368 2.23837895332 0 -0.334730124165 -0.411935354356 0
5.64027121158e-25 1.3278924549 -3.2221554571 0 0.495259350636 0.204102863342 0
3.59379334761e-19 3.37027106186 0.849573305129 0 -0.1311103951 0.520117060937 0
6.84445610132e-12 -2.57082164811 2.36787794326 0 -0.362379270695 -0.393437709313 0
1.84377985875e-18 -2.45472626206 -2.47188828262 0 0.380167079059 -0.377527625134 0
8.12358356111e-06 1.6475755214 -3.06458527288 0 0.472191227065 0.253858397746 0
1.42271283118e-12 -0.321855952849 3.4242167052 0 -0.53685167499 -0.050460856385 0
9.88833624454e-25 -2.54091510058 2.46587002871 0 -0.370110221993 -0.381373973888 0
4.3300195123e-17 -3.29467186701 -0.62579779571 0 0.101899348107 -0.536475068747 0
1.15369850055e-15 0.829910631582 -3.66116082432 0 0.50334954344 0.114099095218 0
9.30069190141e-08 -2.30537674233 3.23094313792 0 -0.408593317665 -0.291543828352 0
7.76090884191e-10 0.496122217981 3.31454323743 0 -0.540220646586 0.0808604523111 0
2.05362069957e-23 -3.14821849621 -0.0807066631262 0 0.0144410277664 -0.563317933829 0
4.49426279092e-26 -2.31422348313 -2.11855050068 0 0.381209636818 -0.416418817129 0
4.78670360682e-25 3.2987273508 0.735387592528 0 -0.118358201958 0.530919262111 0
1.21532938185e-15 0.447839175077 -3.79050817476 0 0.508318641981 0.0600565915718 0
1.67999670447e-17 -2.18100053812 -3.15583824002 0 0.420020672441 -0.290276383942 0
1.36139618689e-16 -1.0672997253 3.0570000158 0 -0.524672672155 -0.183180567867 0
7.29646683575e-15 0.38591241686 -3.1223151431 0 0.559530004039 0.0691568807977 0
1.67332270459e-22 3.50978069912 0.113403269161 0 -0.0172331923111 0.533359630683 0
3.81442405176e-10 -2.47370912269 -2.16216087188 0 0.363074600966 -0.415390438476 0
2.04322995168e-11 -2.46378774387 2.62638046254 0 -0.384325997971 -0.36053332598 0
9.33908943986e-26 -1.32709284541 -3.3749493992 0 0.488693786886 -0.192163482015 0
2.52035110988e-12 3.45530909755 1.42881643232 0 -0.197619718483 0.477904085986 0
4.68970090718e-16 -0.137516386356 -3.54333862815 0 0.530644219777 -0.0205942144407 0
8.25852667555e-12 1.50940430302 2.7099973622 0 -0.496028638656 0.276276195707 0
3.73708701306e-16 -2.91184586331 1.23360782146 0 -0.219359498748 -0.517782911144 0
1.24701491869e-18 3.15659870147 0.176546693899 0 -0.0314060438106 0.561530068457 0
3.54950993081e-17 -2.90237700624 -1.61620857306 0 0.266926029531 -0.479344054592 0
8.98698387346e-17 -3.15123222462 0.65919540893 0 -0.114115169895 -0.545518666875 0
7.9754007116e-26 2.62117807392 2.61953846146 0 -0.367207243527 0.367437084615 0
5.48972773339e-22 1.85699595268 -3.33896077164 0 0.447107068026 0.248663004008 0
5.38113137618e-15 -2.94705501398 2.6279585651 0 -0.334932104527 -0.375600799456 0
1.2135559057e-12 3.65360043068 -1.1874444325 0 0.157697409774 0.485212872703 0
1.01300471352e-07 0.887141855845 -3.37042875891 0 0.518010396996 0.136347253661 0
1.92024241879e-12 0.441639396719 3.09127629094 0 -0.56020864242 0.0800349705397 0
3.28293119749e-23 3.26477572538 1.36104215976 0 -0.204596146454 0.490771375199 0
7.48463151435e-23 -3.47957930624 -1.10167939861 0 0.157996861067 -0.499022318935 0
2.59927328516e-07 2.85246018557 2.2443595834 0 -0.324572848409 0.412514614081 0
1.27272395939e-09 -0.595183434027 -3.17072331739 0 0.547194021826 -0.102714990994 0
3.26353077798e-06 -2.33384829764 2.81211203252 0 -0.402536021967 -0.334075598248 0
9.74059105015e-20 1.37720056404 3.23997544718 0 -0.490489693763 0.208490062323 0
1.71870374364e-06 -3.18469575628 0.80834026796 0 -0.135723937312 -0.53472462565 0
6.84579242941e-23 -3.8261477222 0.358670426661 0 -0.0476105484905 -0.507889633822 0
1.66937617939e-16 -0.66169145613 -2.94718877827 0 0.561406792102 -0.126044887415 0
1.40081571288e-17 -3.63905969101 -1.30053334877 0 0.171193107916 -0.479020348833 0
1.95633670603e-24 3.37666895541 -0.68260819017 0 0.106756059705 0.528091924181 0
4.68143876782e-20 3.28041454291 0.345013357839 0 -0.0575916649959 0.547586147348 0
2.02372005231e-09 -3.65342438185 -0.817905249102 0 0.112907763409 -0.504337117522 0
3.60711640925e-15 -2.91285864068 1.75729614229 0 -0.280069057142 -0.464236820106 0
9.93203715265e-15 3.19599847754 -1.93466009603 0 0.267918832283 0.442593601759 0
1.6292072648e-25 -3.54496868786 -0.360826446523 0 0.0536441730012 -0.527031528336 0
1.73007868127e-06 3.84107248055 -0.617396423399 0 0.0804594979863 0.500571029895 0
1.55826805255e-25 -2.88768183243 -1.9717942962 0 0.301564503428 -0.441639546039 0
6.78739359334e-09 -3.18867410543 -1.02305722427 0 0.166944121289 -0.52033296279 0
7.11015009455e-09 -2.99107746717 1.61711209113 0 -0.257915109725 -0.477050463832 0
2.74243499155e-20 1.7901912879 3.04876961982 0 -0.458614523549 0.269291493599 0
4.47639336878e-25 -3.55221680781 -1.06294631629 0 0.14887759353 -0.49752793903 0
1.13996172859e-21 2.29764680065 -3.08795224046 0 0.408933294016 0.304274224958 0
7.38783209583e-19 -1.55944646747 2.78104765951 0 -0.488475367964 -0.273907994497 0
1.23624481021e-11 -3.01792600226 0.052005328237 0 -0.00991718132799 -0.575504864857 0
1.21764695973e-13 -3.20403661365 -1.20519065432 0 0.190285773308 -0.505880611131 0
4.82531853388e-19 2.99101864236 -0.543400707649 0 0.102521314219 0.564303943209 0
2.3845001908e-25 -2.63517655474 -2.13626845262 0 0.34190987479 -0.421760141978 0
6.81348855255e-21 3.34040520819 -0.124284309371 0 0.020336068089 0.546575091438 0
6.28291642687e-26 -1.42831883314 3.38430046142 0 -0.48069922079 -0.202875530101 0
5.06188342956e-25 3.06720185443 -2.29108311525 0 0.305852275964 0.409461647974 0
9.84751432903e-14 2.7802516757 1.81677396742 0 -0.300161835637 0.459344674395 0
1.39973452938e-25 -2.46977340183 -1.9054452239 0 0.345855772451 -0.44828650908 0
2.78410059405e-19 -0.703018073589 3.28684226018 0 -0.533384245381 -0.114084806933 0
1.80696827607e-20 -2.40092403375 -3.13015723174 0 0.399494115524 -0.306423911738 0
1.19539289601e-22 -3.91624264792 -0.565220760871 0 0.0718122492156 -0.497565221397 0
1.45854856283e-21 -0.0806857496682 -3.46679140396 0 0.536858406048 -0.0124947878053 0
3.9215209754e-24 2.25021886602 2.27434558059 0 -0.397424395763 0.393208437977 0
4.33458394088e-06 -2.00429215731 -3.19506948512 0 0.436191321215 -0.273626238261 0
2.66192799505e-09 -3.21531483793 -1.79851490571 0 0.254336930772 -0.45469365016 0
1.52727161906e-18 -1.70218216911 3.32089190098 0 -0.460670985453 -0.236125101522 0
8.59054679231e-23 3.13661086476 -0.2397193999 0 0.042965040616 0.562176499932 0
3.3676837785e-18 -3.37910475245 0.475491050381 0 -0.0754316092286 -0.536059109892 0
0.0009546 -4.77608955068 0.274999279779 0 -0.0273252326061 -0.474574908069 0
1 0 0 100000.0 12 4.5 200 5.5 3e-06
